Webots Project File version R2021b
perspectives: 000000ff00000000fd00000003000000000000013f000003d0fc0100000005fb00000012005300630065006e0065005400720065006501000000000000039f0000000000000000fb0000001e00480074006d006c0052006f0062006f007400570069006e0064006f007700000000000000013f0000006900fffffffb0000001e00480074006d006c0052006f0062006f007400570069006e0064006f0077010000006b000000d40000000000000000fb0000001e00480074006d006c0052006f0062006f007400570069006e0064006f007701000000000000013f0000000000000000fb0000001e00480074006d006c0052006f0062006f007400570069006e0064006f007701000000000000013f000000000000000000000001000002650000023cfc0200000001fb0000001400540065007800740045006400690074006f007201000000150000023c0000008700ffffff000000030000078000000192fc0100000002fb0000000e0043006f006e0073006f006c006501000000000000073f0000000000000000fb0000001a0043006f006e0073006f006c00650041006c006c0041006c006c0100000000000007800000006900ffffff000005190000023c00000004000000040000000100000008fc00000000
simulationViewPerspectives: 000000ff0000000100000002000000fa0000050a0100000002010000000101
sceneTreePerspectives: 000000ff0000000100000002000001ff000000000100000002010000000201
minimizedPerspectives: 000000ff00000000fd00000003000000000000019d000003d0fc0100000003fb00000012005300630065006e0065005400720065006501000000000000039f0000000000000000fb0000001e00480074006d006c0052006f0062006f007400570069006e0064006f007700000000000000019d0000000000000000fb0000001e00480074006d006c0052006f0062006f007400570069006e0064006f007701000000000000019d0000000000000000000000010000024d00000395fc0200000001fb0000001400540065007800740045006400690074006f00720100000015000003950000008700ffffff000000030000078000000039fc0100000002fb0000001a0043006f006e0073006f006c00650041006c006c0041006c006c0100000000000007800000006900fffffffb0000000e0043006f006e0073006f006c006501000000000000073f0000000000000000000005310000039500000004000000040000000100000008fc00000000
maximizedDockId: -1
centralWidgetVisible: 1
orthographicViewHeight: 1
textFiles: 0 "controllers/vacuumCleaner/vacuumCleaner.java"
consoles: Console:All:All
renderingDevicePerspectives: robot:ground_display;1;0.554688;0;0.179617
